average_reward:773.95
average_time:21.668797335624696
last_5_average_reward:1534.6
last_5_average_time:15.960728788375855